4
727703
0
0
erase 10,1066,7854,524816,531888,722634,818688,819714,884224,885250,1031699
new 6,0,271,286,554,8366,8851
new 2,8851,9875
new 2,9875,10899
new 2,10899,11923
new 2,11923,12947
new 2,12947,13971
new 2,13971,14995
new 2,14995,16019
new 2,16019,17043
new 2,17043,18067
new 2,18067,19091
new 2,19091,20115
new 2,20115,21139
new 2,21139,22163
new 2,22163,23187
new 2,23187,24211
new 2,24211,25235
new 2,25235,26259
new 2,26259,27283
new 2,27283,28307
new 2,28307,29331
new 2,29331,30355
new 2,30355,31379
new 2,31379,32403
new 4,32403,32770,33022,33679
new 2,33679,34703
new 2,34703,35727
new 2,35727,36751
new 2,36751,37775
new 2,37775,38799
new 2,38799,39823
new 2,39823,40847
new 2,40847,41871
new 2,41871,42895
new 2,42895,43919
new 2,43919,44943
new 2,44943,45967
new 2,45967,46991
new 2,46991,48015
new 2,48015,49039
new 2,49039,50063
new 2,50063,51087
new 2,51087,52111
new 2,52111,53135
new 2,53135,54159
new 2,54159,55183
new 2,55183,56207
new 2,56207,57231
new 2,57231,58255
new 2,58255,59279
new 2,59279,60303
new 2,60303,61327
new 2,61327,62351
new 2,62351,63375
new 2,63375,64399
new 2,64399,65423
new 2,65423,66447
new 2,66447,67471
new 2,67471,68495
new 2,68495,69519
new 2,69519,70543
new 2,70543,71567
new 2,71567,72591
new 2,72591,73615
new 2,73615,74639
new 2,74639,75663
new 2,75663,76687
new 2,76687,77711
new 2,77711,78735
new 2,78735,79759
new 2,79759,80783
new 2,80783,81807
new 2,81807,82831
new 2,82831,83855
new 2,83855,84879
new 2,84879,85903
new 2,85903,86927
new 2,86927,87951
new 2,87951,88975
new 2,88975,89999
new 2,89999,91023
new 2,91023,92047
new 2,92047,93071
new 2,93071,94095
new 2,94095,95119
new 2,95119,96143
new 2,96143,97167
new 2,97167,98191
new 4,98191,98306,98558,99467
new 2,99467,100491
new 2,100491,101515
new 2,101515,102539
new 2,102539,103563
new 2,103563,104587
new 2,104587,105611
new 2,105611,106635
new 2,106635,107659
new 2,107659,108683
new 2,108683,109707
new 2,109707,110731
new 2,110731,111755
new 2,111755,112779
new 2,112779,113803
new 2,113803,114827
new 2,114827,115851
new 2,115851,116875
new 2,116875,117899
new 2,117899,118923
new 2,118923,119947
new 2,119947,120971
new 2,120971,121995
new 2,121995,123019
new 2,123019,124043
new 2,124043,125067
new 2,125067,126091
new 2,126091,127115
new 2,127115,128139
new 2,128139,129163
new 2,129163,130187
new 2,130187,131211
new 2,131211,132235
new 2,132235,133259
new 2,133259,134283
new 2,134283,135307
new 2,135307,136331
new 2,136331,137355
new 2,137355,138379
new 2,138379,139403
new 2,139403,140427
new 2,140427,141451
new 2,141451,142475
new 2,142475,143499
new 2,143499,144523
new 2,144523,145547
new 2,145547,146571
new 2,146571,147595
new 2,147595,148619
new 2,148619,149643
new 2,149643,150667
new 2,150667,151691
new 2,151691,152715
new 2,152715,153739
new 2,153739,154763
new 2,154763,155787
new 2,155787,156811
new 2,156811,157835
new 2,157835,158859
new 2,158859,159883
new 2,159883,160907
new 2,160907,161931
new 2,161931,162955
new 4,162955,163842,164094,164231
new 2,164231,165255
new 2,165255,166279
new 2,166279,167303
new 2,167303,168327
new 2,168327,169351
new 2,169351,170375
new 2,170375,171399
new 2,171399,172423
new 2,172423,173447
new 2,173447,174471
new 2,174471,175495
new 2,175495,176519
new 2,176519,177543
new 2,177543,178567
new 2,178567,179591
new 2,179591,180615
new 2,180615,181639
new 2,181639,182663
new 2,182663,183687
new 2,183687,184711
new 2,184711,185735
new 2,185735,186759
new 2,186759,187783
new 2,187783,188807
new 2,188807,189831
new 2,189831,190855
new 2,190855,191879
new 2,191879,192903
new 2,192903,193927
new 2,193927,194951
new 2,194951,195975
new 2,195975,196999
new 2,196999,198023
new 2,198023,199047
new 2,199047,200071
new 2,200071,201095
new 2,201095,202119
new 2,202119,203143
new 2,203143,204167
new 2,204167,205191
new 2,205191,206215
new 2,206215,207239
new 2,207239,208263
new 2,208263,209287
new 2,209287,210311
new 2,210311,211335
new 2,211335,212359
new 2,212359,213383
new 2,213383,214407
new 2,214407,215431
new 2,215431,216455
new 2,216455,217479
new 2,217479,218503
new 2,218503,219527
new 2,219527,220551
new 2,220551,221575
new 2,221575,222599
new 2,222599,223623
new 2,223623,224647
new 2,224647,225671
new 2,225671,226695
new 2,226695,227719
new 2,227719,228743
new 4,228743,229378,229630,230019
new 2,230019,231043
new 2,231043,232067
new 2,232067,233091
new 2,233091,234115
new 2,234115,235139
new 2,235139,236163
new 2,236163,237187
new 2,237187,238211
new 2,238211,239235
new 2,239235,240259
new 2,240259,241283
new 2,241283,242307
new 2,242307,243331
new 2,243331,244355
new 2,244355,245379
new 2,245379,246403
new 2,246403,247427
new 2,247427,248451
new 2,248451,249475
new 2,249475,250499
new 2,250499,251523
new 2,251523,252547
new 2,252547,253571
new 2,253571,254595
new 2,254595,255619
new 2,255619,256643
new 2,256643,257667
new 2,257667,258691
new 2,258691,259715
new 2,259715,260739
new 2,260739,261763
new 2,261763,262787
new 2,262787,263811
new 2,263811,264835
new 2,264835,265859
new 2,265859,266883
new 2,266883,267907
new 2,267907,268931
new 2,268931,269955
new 2,269955,270979
new 2,270979,272003
new 2,272003,273027
new 2,273027,274051
new 2,274051,275075
new 2,275075,276099
new 2,276099,277123
new 2,277123,278147
new 2,278147,279171
new 2,279171,280195
new 2,280195,281219
new 2,281219,282243
new 2,282243,283267
new 2,283267,284291
new 2,284291,285315
new 2,285315,286339
new 2,286339,287363
new 2,287363,288387
new 2,288387,289411
new 2,289411,290435
new 2,290435,291459
new 2,291459,292483
new 2,292483,293507
new 2,293507,294531
new 4,294531,294914,295166,295807
new 2,295807,296831
new 2,296831,297855
new 2,297855,298879
new 2,298879,299903
new 2,299903,300927
new 2,300927,301951
new 2,301951,302975
new 2,302975,303999
new 2,303999,305023
new 2,305023,306047
new 2,306047,307071
new 2,307071,308095
new 2,308095,309119
new 2,309119,310143
new 2,310143,311167
new 2,311167,312191
new 2,312191,313215
new 2,313215,314239
new 2,314239,315263
new 2,315263,316287
new 2,316287,317311
new 2,317311,318335
new 2,318335,319359
new 2,319359,320383
new 2,320383,321407
new 2,321407,322431
new 2,322431,323455
new 2,323455,324479
new 2,324479,325503
new 2,325503,326527
new 2,326527,327551
new 2,327551,328575
new 2,328575,329599
new 2,329599,330623
new 2,330623,331647
new 2,331647,332671
new 2,332671,333695
new 2,333695,334719
new 2,334719,335743
new 2,335743,336767
new 2,336767,337791
new 2,337791,338815
new 2,338815,339839
new 2,339839,340863
new 2,340863,341887
new 2,341887,342911
new 2,342911,343935
new 2,343935,344959
new 2,344959,345983
new 2,345983,347007
new 2,347007,348031
new 2,348031,349055
new 2,349055,350079
new 2,350079,351103
new 2,351103,352127
new 2,352127,353151
new 2,353151,354175
new 2,354175,355199
new 2,355199,356223
new 2,356223,357247
new 2,357247,358271
new 2,358271,359295
new 2,359295,360319
new 2,360319,361343
new 2,361343,362367
new 2,362367,363391
new 2,363391,364415
new 2,364415,365439
new 2,365439,366463
new 2,366463,367487
new 2,367487,368511
new 2,368511,369535
new 2,369535,370559
new 2,370559,371583
new 2,371583,372607
new 2,372607,373631
new 2,373631,374655
new 2,374655,375679
new 2,375679,376703
new 2,376703,377727
new 2,377727,378751
new 2,378751,379775
new 2,379775,380799
new 2,380799,381823
new 2,381823,382847
new 2,382847,383871
new 2,383871,384895
new 2,384895,385919
new 2,385919,386943
new 2,386943,387967
new 2,387967,388991
new 2,388991,390015
new 2,390015,391039
new 2,391039,392063
new 2,392063,393087
new 2,393087,394111
new 2,394111,395135
new 2,395135,396159
new 2,396159,397183
new 2,397183,398207
new 2,398207,399231
new 2,399231,400255
new 2,400255,401279
new 2,401279,402303
new 2,402303,403327
new 2,403327,404351
new 2,404351,405375
new 2,405375,406399
new 2,406399,407423
new 2,407423,408447
new 2,408447,409471
new 2,409471,410495
new 2,410495,411519
new 2,411519,412543
new 2,412543,413567
new 2,413567,414591
new 2,414591,415615
new 2,415615,416639
new 2,416639,417663
new 2,417663,418687
new 2,418687,419711
new 2,419711,420735
new 2,420735,421759
new 2,421759,422783
new 2,422783,423807
new 2,423807,424831
new 2,424831,425855
new 2,425855,426879
new 2,426879,427903
new 2,427903,428927
new 2,428927,429951
new 2,429951,430975
new 2,430975,431999
new 2,431999,433023
new 2,433023,434047
new 2,434047,435071
new 2,435071,436095
new 2,436095,437119
new 2,437119,438143
new 2,438143,439167
new 2,439167,440191
new 2,440191,441215
new 2,441215,442239
new 2,442239,443263
new 2,443263,444287
new 2,444287,445311
new 2,445311,446335
new 2,446335,447359
new 2,447359,448383
new 2,448383,449407
new 2,449407,450431
new 2,450431,451455
new 2,451455,452479
new 2,452479,453503
new 2,453503,454527
new 2,454527,455551
new 2,455551,456575
new 2,456575,457599
new 2,457599,458623
new 2,458623,459647
new 2,459647,460671
new 2,460671,461695
new 2,461695,462719
new 2,462719,463743
new 2,463743,464767
new 2,464767,465791
new 2,465791,466815
new 2,466815,467839
new 2,467839,468863
new 2,468863,469887
new 2,469887,470911
new 2,470911,471935
new 2,471935,472959
new 2,472959,473983
new 2,473983,475007
new 2,475007,476031
new 2,476031,477055
new 2,477055,478079
new 2,478079,479103
new 2,479103,480127
new 2,480127,481151
new 2,481151,482175
new 2,482175,483199
new 2,483199,484223
new 2,484223,485247
new 2,485247,486271
new 2,486271,487295
new 2,487295,488319
new 2,488319,489343
new 2,489343,490367
new 2,490367,491391
new 2,491391,492415
new 2,492415,493439
new 2,493439,494463
new 2,494463,495487
new 2,495487,496511
new 2,496511,497535
new 2,497535,498559
new 2,498559,499583
new 2,499583,500607
new 2,500607,501631
new 2,501631,502655
new 2,502655,503679
new 2,503679,504703
new 2,504703,505727
new 2,505727,506751
new 2,506751,507775
new 2,507775,508799
new 2,508799,509823
new 2,509823,510847
new 2,510847,511871
new 2,511871,512895
new 2,512895,513919
new 2,513919,514943
new 2,514943,515967
new 2,515967,516991
new 2,516991,518015
new 2,518015,519039
new 2,519039,520063
new 2,520063,521087
new 2,521087,522111
new 2,522111,523135
new 2,523135,524159
new 6,524159,524295,524303,524304,532400,533287
new 2,533287,534311
new 2,534311,535335
new 2,535335,536359
new 2,536359,537383
new 2,537383,538407
new 2,538407,539431
new 2,539431,540455
new 2,540455,541479
new 2,541479,542503
new 2,542503,543527
new 2,543527,544551
new 2,544551,545575
new 2,545575,546599
new 2,546599,547623
new 2,547623,548647
new 2,548647,549671
new 2,549671,550695
new 2,550695,551719
new 2,551719,552743
new 2,552743,553767
new 2,553767,554791
new 2,554791,555815
new 2,555815,556839
new 2,556839,557863
new 2,557863,558887
new 2,558887,559911
new 2,559911,560935
new 2,560935,561959
new 2,561959,562983
new 2,562983,564007
new 2,564007,565031
new 2,565031,566055
new 2,566055,567079
new 2,567079,568103
new 2,568103,569127
new 2,569127,570151
new 2,570151,571175
new 2,571175,572199
new 2,572199,573223
new 2,573223,574247
new 2,574247,575271
new 2,575271,576295
new 2,576295,577319
new 2,577319,578343
new 2,578343,579367
new 2,579367,580391
new 2,580391,581415
new 2,581415,582439
new 2,582439,583463
new 2,583463,584487
new 2,584487,585511
new 2,585511,586535
new 2,586535,587559
new 2,587559,588583
new 2,588583,589607
new 2,589607,590631
new 2,590631,591655
new 2,591655,592679
new 2,592679,593703
new 2,593703,594727
new 2,594727,595751
new 2,595751,596775
new 2,596775,597799
new 2,597799,598823
new 2,598823,599847
new 2,599847,600871
new 2,600871,601895
new 2,601895,602919
new 2,602919,603943
new 2,603943,604967
new 2,604967,605991
new 2,605991,607015
new 2,607015,608039
new 2,608039,609063
new 2,609063,610087
new 2,610087,611111
new 2,611111,612135
new 2,612135,613159
new 2,613159,614183
new 2,614183,615207
new 2,615207,616231
new 2,616231,617255
new 2,617255,618279
new 2,618279,619303
new 2,619303,620327
new 2,620327,621351
new 2,621351,622375
new 2,622375,623399
new 2,623399,624423
new 2,624423,625447
new 2,625447,626471
new 2,626471,627495
new 2,627495,628519
new 2,628519,629543
new 2,629543,630567
new 2,630567,631591
new 2,631591,632615
new 2,632615,633639
new 2,633639,634663
new 2,634663,635687
new 2,635687,636711
new 2,636711,637735
new 2,637735,638759
new 2,638759,639783
new 2,639783,640807
new 2,640807,641831
new 2,641831,642855
new 2,642855,643879
new 2,643879,644903
new 2,644903,645927
new 2,645927,646951
new 2,646951,647975
new 2,647975,648999
new 2,648999,650023
new 2,650023,651047
new 2,651047,652071
new 2,652071,653095
new 2,653095,654119
new 2,654119,655143
new 2,655143,656167
new 2,656167,657191
new 2,657191,658215
new 2,658215,659239
new 2,659239,660263
new 2,660263,661287
new 2,661287,662311
new 2,662311,663335
new 2,663335,664359
new 2,664359,665383
new 2,665383,666407
new 2,666407,667431
new 2,667431,668455
new 2,668455,669479
new 2,669479,670503
new 2,670503,671527
new 2,671527,672551
new 2,672551,673575
new 2,673575,674599
new 2,674599,675623
new 2,675623,676647
new 2,676647,677671
new 2,677671,678695
new 2,678695,679719
new 2,679719,680743
new 2,680743,681767
new 2,681767,682791
new 2,682791,683815
new 2,683815,684839
new 2,684839,685863
new 2,685863,686887
new 2,686887,687911
new 2,687911,688935
new 2,688935,689959
new 2,689959,690983
new 2,690983,692007
new 2,692007,693031
new 2,693031,694055
new 2,694055,695079
new 2,695079,696103
new 2,696103,697127
new 2,697127,698151
new 2,698151,699175
new 2,699175,700199
new 2,700199,701223
new 2,701223,702247
new 2,702247,703271
new 2,703271,704295
new 2,704295,705319
new 2,705319,706343
new 2,706343,707367
new 2,707367,708391
new 2,708391,709415
new 2,709415,710439
new 2,710439,711463
new 2,711463,712487
new 2,712487,713511
new 2,713511,714535
new 2,714535,715559
new 2,715559,716583
new 2,716583,717607
new 2,717607,718631
new 2,718631,719655
new 2,719655,720679
new 2,720679,721703
new 8,721703,722122,819200,819202,884736,884738,1032211,1032812
new 2,1032812,1033836
new 2,1033836,1034860
new 2,1034860,1035884
new 2,1035884,1036908
new 2,1036908,1037932
new 2,1037932,1038956
new 2,1038956,1039980
new 2,1039980,1041004
new 2,1041004,1042028
new 2,1042028,1043052
new 2,1043052,1044076
new 2,1044076,1045100
new 2,1045100,1046124
new 2,1046124,1047148
new 2,1047148,1048172
new 2,1048172,1048576
zero 6,271,286,554,1066,7854,8351
zero 12,8351,8366,32770,33022,98306,98558,163842,164094,229378,229630,294914,294915
zero 8,294915,295166,524295,524303,524304,524816,531888,532141
zero 6,532141,532400,722122,722634,818688,818941
zero 6,818941,819200,819202,819714,884224,884477
zero 6,884477,884736,884738,885250,1031699,1031952
zero 2,1031952,1032211
