4
148892
0
0
erase 6,807,2703,146044,163328,164354,201082
new 8,0,56,57,59,65,295,3215,3951
new 2,3951,4975
new 2,4975,5999
new 2,5999,7023
new 2,7023,8047
new 2,8047,9071
new 2,9071,10095
new 2,10095,11119
new 2,11119,12143
new 2,12143,13167
new 2,13167,14191
new 2,14191,15215
new 2,15215,16239
new 2,16239,17263
new 2,17263,18287
new 2,18287,19311
new 2,19311,20335
new 2,20335,21359
new 2,21359,22383
new 2,22383,23407
new 2,23407,24431
new 2,24431,25455
new 2,25455,26479
new 2,26479,27503
new 2,27503,28527
new 2,28527,29551
new 2,29551,30575
new 2,30575,31599
new 2,31599,32623
new 4,32623,32770,32819,33696
new 2,33696,34720
new 2,34720,35744
new 2,35744,36768
new 2,36768,37792
new 2,37792,38816
new 2,38816,39840
new 2,39840,40864
new 2,40864,41888
new 2,41888,42912
new 2,42912,43936
new 2,43936,44960
new 2,44960,45984
new 2,45984,47008
new 2,47008,48032
new 2,48032,49056
new 2,49056,50080
new 2,50080,51104
new 2,51104,52128
new 2,52128,53152
new 2,53152,54176
new 2,54176,55200
new 2,55200,56224
new 2,56224,57248
new 2,57248,58272
new 2,58272,59296
new 2,59296,60320
new 2,60320,61344
new 2,61344,62368
new 2,62368,63392
new 2,63392,64416
new 2,64416,65440
new 2,65440,66464
new 2,66464,67488
new 2,67488,68512
new 2,68512,69536
new 2,69536,70560
new 2,70560,71584
new 2,71584,72608
new 2,72608,73632
new 2,73632,74656
new 2,74656,75680
new 2,75680,76704
new 2,76704,77728
new 2,77728,78752
new 2,78752,79776
new 2,79776,80800
new 2,80800,81824
new 2,81824,82848
new 2,82848,83872
new 2,83872,84896
new 2,84896,85920
new 2,85920,86944
new 2,86944,87968
new 2,87968,88992
new 2,88992,90016
new 2,90016,91040
new 2,91040,92064
new 2,92064,93088
new 2,93088,94112
new 2,94112,95136
new 2,95136,96160
new 2,96160,97184
new 2,97184,98208
new 4,98208,98306,98355,99281
new 2,99281,100305
new 2,100305,101329
new 2,101329,102353
new 2,102353,103377
new 2,103377,104401
new 2,104401,105425
new 2,105425,106449
new 2,106449,107473
new 2,107473,108497
new 2,108497,109521
new 2,109521,110545
new 2,110545,111569
new 2,111569,112593
new 2,112593,113617
new 2,113617,114641
new 2,114641,115665
new 2,115665,116689
new 2,116689,117713
new 2,117713,118737
new 2,118737,119761
new 2,119761,120785
new 2,120785,121809
new 2,121809,122833
new 2,122833,123857
new 2,123857,124881
new 2,124881,125905
new 2,125905,126929
new 2,126929,127953
new 2,127953,128977
new 2,128977,130001
new 2,130001,131025
new 2,131025,132049
new 2,132049,133073
new 2,133073,134097
new 2,134097,135121
new 2,135121,136145
new 2,136145,137169
new 2,137169,138193
new 2,138193,139217
new 2,139217,140241
new 2,140241,141265
new 2,141265,142289
new 2,142289,143313
new 2,143313,144337
new 2,144337,145361
new 6,145361,145532,163840,163842,201594,202445
new 2,202445,203469
new 2,203469,204493
new 2,204493,204800
zero 8,56,57,59,65,295,807,2703,3208
zero 10,3208,3215,32770,32819,98306,98355,145532,146044,163328,163735
zero 6,163735,163840,163842,164354,201082,201489
zero 2,201489,201594
